0|0|0|0
STCL050027|4|0|4
SCLA010035|43|1|42
RWLS000001|102|3|99
STER050025|3|1|2
SMCW050017|13|0|13
SSUG050024|38|1|37
SRFX030003|13|0|13
SDIA000034|103|3|100
BWLD000002|53|0|53
STES000000|50|50|0
EWIP000002|50245|242|50003
TFRE000007|387|15|372
SCNR010033|387|15|372
Recove|224|6|218
SREC010032|224|6|218
Banyakart|378|33|345
SBYK010031|196|9|187
SBYK000031|182|24|158
EBUC020001|118|0|118
Bucket|1|1|0
EBUC000001|0|0|0
EBUC000002|1|1|0
BLIM010003|32|0|32
ESCR000001|530|4|526
BWHE000011|46|5|41
SGFS010020|121|1|120
EWIP000001|31387|184|31203
Beach|419|9|410
SBCH000030|314|2|312
SBCH010031|91|7|84
SBCH030032|10|0|10
SBCH050033|4|0|4
RBOX000001|559|1|558
EGEL000001|312|0|312
Brown|146|8|138
SBRW000029|146|8|138
SBRW030029|0|0|0
SBRW050029|0|0|0
Bugbug|122|2|120
SBUG000028|110|2|108
SBUG030028|8|0|8
SBUG050028|4|0|4
wibwubcap|113|0|113
wibwubcapgreen|56|0|56
wibwubcapgrey|57|0|57
Ikfoam002|0|0|0
Ikfoam001|19|0|19
Tester|88|0|88
ESUE010005|37|3|34
Visible|201|18|183
SVIS000026|182|18|164
SVIS030026|12|0|12
SVIS050026|7|0|7
Tire clean|141|8|133
STCL000027|119|8|111
STCL030027|18|0|18
Fixcase|22|2|20
Terrain|195|2|193
STER000025|185|2|183
STER030025|10|0|10
FBOT000001|77|8|69
TMGA010006|17|0|17
TMTN010004|12|0|12
TPOL010003|4|1|3
TPER010002|5|1|4
EFOM000001|547|2|545
ECON000001-A|3|0|3
ECON000001-B|3|0|3
ECON000001-C|28|0|28
ECON000001-D|51|0|51
ECON000001-E|13|0|13
ECON000001-F|9|0|9
ECON000001-G|41|0|41
ECON000001-H|42|0|42
ECON000001-i|47|0|47
ECON000001-J|48|0|48
ECON000001-K|46|0|46
ECON000001-L|19|0|19
ECON000001-M|51|0|51
ECON000001-N|22|0|22
ECON000001-O|100|0|100
ECON000001-P|24|0|24
EMIU000010|181|4|177
ESEC000009|36|7|29
EBAG000008|1|0|1
ECOV000007|0|0|0
ECLY000006|93|1|92
ESUE000005|148|8|140
EMCA000004|452|13|439
EPOR000003|58|1|57
EWLM000002|169|6|163
ETIR000001|903|17|886
BMCO000009|0|0|0
BFRT000008|253|2|251
BWHE000007|360|2|358
BTIR000006|177|8|169
Detailing brush|4281|26|4255
BULT000003|1490|9|1481
BSYN000004|1256|8|1248
BBLU000010|1535|9|1526
BHOR000002|923|5|918
BWLD000001|225|14|211
TMON000005|52|4|48
TMGA000006|112|21|91
TMTN000004|696|38|658
TPOL000003|141|26|115
TPER000002|358|28|330
TSPD000001|145|11|134
Sugar|564|63|501
SSUG030024|17|4|13
SSUG010024|547|59|488
Color foam|33|0|33
SSKY000021|9|0|9
SPKY000022|1|0|1
SBNN000023|23|0|23
SGFS000020|145|16|129
Mind|278|13|265
SMIN030019|36|0|36
SMIN050019|4|0|4
SMIN010019|238|13|225
SJUL000018|55|2|53
Microfiber wash|63|7|56
SMCW030017|5|1|4
SMCW010017|56|6|50
SMCW250017|2|0|2
Deep clean|124|15|109
SDPN000016|85|12|73
SDPN030016|30|2|28
SDPN050016|9|1|8
SDPN200016|0|0|0
Quartz foam|0|0|0
SQFM000015|0|0|0
SQFM030015|0|0|0
SQFM050015|0|0|0
Phoenix|8|0|8
SPNX000014|6|0|6
SPNX010014|2|0|2
Spot|96|39|57
SPOT030013|11|0|11
SPOT050013|4|0|4
SPOT010013|81|39|42
Xglass|399|33|366
SXGL000012|381|33|348
SXGL010012|18|0|18
Paint prep|235|11|224
SPRP030011|7|0|7
SPRP050011|7|0|7
SPRP010011|221|11|210
SPRP250011|0|0|0
Taar|1|0|1
STAR000010|0|0|0
STAR030010|0|0|0
STAR050010|1|0|1
Steel|176|1|175
SSTL030009|5|0|5
SSTL050009|3|0|3
SSTL010009|168|1|167
Waterless|110|13|97
SWTL030008|4|0|4
SWTL050008|6|0|6
SWTL010008|100|11|89
WTLSPY0001|0|2|-2
APC|97|5|92
SAPC030007|10|0|10
SAPC050007|3|0|3
SAPC010007|84|5|79
SAPC250007|0|0|0
Refresh|908|28|880
SRFR030006|9|0|9
SRFR050006|11|1|10
SRFT010006|888|27|861
SRFR250006|0|0|0
Quartz shampoo|444|26|418
SQSH000005|323|20|303
SQSH030005|67|6|61
SQSH050005|50|0|50
SQSH200005|4|0|4
Tire&trim gel|268|17|251
STRM030004|11|0|11
STRM050004|7|0|7
STRM010004|250|17|233
Reflex|856|27|829
SRFX000003|574|23|551
SRFX110003|282|4|278
UV protect|243|6|237
SUVP000002|225|6|219
SUVP010002|18|0|18
Interior|810|44|766
SINT030001|32|0|32
SINT050001|11|0|11
SINT010001|767|44|723
SINT250001|0|0|0
